<?xml version="1.0" encoding="utf-8"?>
<opencv_storage>
	<aruco_bc_nmarkers>8</aruco_bc_nmarkers>
	<aruco_bc_mInfoType>1</aruco_bc_mInfoType>
	<aruco_bc_markers>
		<_>
			<id>982</id>
			<corners>
				<_>-0.25 -0.25 0.0</_>
				<_>-0.15000000596046448 -0.25 0.0</_>
				<_>-0.15000000596046448 -0.15000000596046448 0.0</_>
				<_>-0.25 -0.15000000596046448 0.0</_>
			</corners>
		</_>
		<_>
			<id>908</id>
			<corners>
				<_>-0.05000000074505806 -0.25 0.0</_>
				<_>0.05000000074505806 -0.25 0.0</_>
				<_>0.05000000074505806 -0.15000000596046448 0.0</_>
				<_>-0.05000000074505806 -0.15000000596046448 0.0</_>
			</corners>
		</_>
		<_>
			<id>985</id>
			<corners>
				<_>0.15000000596046448 -0.25 0.0</_>
				<_>0.25 -0.25 0.0</_>
				<_>0.25 -0.15000000596046448 0.0</_>
				<_>0.15000000596046448 -0.15000000596046448 0.0</_>
			</corners>
		</_>
		<_>
			<id>428</id>
			<corners>
				<_>-0.25 -0.05000000074505806 0.0</_>
				<_>-0.15000000596046448 -0.05000000074505806 0.0</_>
				<_>-0.15000000596046448 0.05000000074505806 0.0</_>
				<_>-0.25 0.05000000074505806 0.0</_>
			</corners>
		</_>
		<_>
			<id>882</id>
			<corners>
				<_>0.15000000596046448 -0.05000000074505806 0.0</_>
				<_>0.25 -0.05000000074505806 0.0</_>
				<_>0.25 0.05000000074505806 0.0</_>
				<_>0.15000000596046448 0.05000000074505806 0.0</_>
			</corners>
		</_>
		<_>
			<id>838</id>
			<corners>
				<_>-0.25 0.15000000596046448 0.0</_>
				<_>-0.15000000596046448 0.15000000596046448 0.0</_>
				<_>-0.15000000596046448 0.25 0.0</_>
				<_>-0.25 0.25 0.0</_>
			</corners>
		</_>
		<_>
			<id>341</id>
			<corners>
				<_>-0.05000000074505806 0.15000000596046448 0.0</_>
				<_>0.05000000074505806 0.15000000596046448 0.0</_>
				<_>0.05000000074505806 0.25 0.0</_>
				<_>-0.05000000074505806 0.25 0.0</_>
			</corners>
		</_>
		<_>
			<id>760</id>
			<corners>
				<_>0.15000000596046448 0.15000000596046448 0.0</_>
				<_>0.25 0.15000000596046448 0.0</_>
				<_>0.25 0.25 0.0</_>
				<_>0.15000000596046448 0.25 0.0</_>
			</corners>
		</_>
	</aruco_bc_markers>
</opencv_storage>